7
5
8
1
12
3
9
7
120
1 55 1
1 69 2
1 87 2
1 55 2
1 69 2
1 69 2
1 9 2
1 37 2
1 55 2
1 69 2
1 69 2
1 55 2
1 9 2
1 55 2
1 55 2
1 55 2
1 67 2
1 55 2
1 69 2
1 8 2
1 8 2
1 9 2
1 9 2
1 69 2
1 69 2
1 9 2
1 55 2
1 69 2
1 69 2
1 55 2
1 9 2
1 37 2
1 9 2
1 37 2
1 9 2
1 9 2
1 8 2
1 9 2
1 9 2
1 55 2
1 9 2
1 9 2
1 37 2
1 69 2
1 69 2
1 37 2
1 9 2
1 55 2
1 9 2
1 9 2
1 37 2
1 55 2
1 9 2
1 9 2
1 83 2
1 55 2
1 55 3
1 9 3
1 55 3
1 55 3
1 55 3
1 55 3
1 55 3
1 55 3
1 55 3
1 55 3
1 9 3
1 55 3
1 55 3
1 83 3
1 55 3
1 55 3
1 55 3
1 55 3
1 97 3
1 55 3
1 83 3
1 55 3
1 55 3
1 55 3
1 55 3
1 55 3
1 83 3
1 69 3
1 69 3
1 8 3
1 9 3
1 53 3
1 9 3
1 9 3
1 9 3
1 9 3
1 37 3
1 9 3
1 9 3
1 9 3
1 9 3
1 9 4
1 8 4
1 9 4
1 54 4
1 55 4
1 55 4
1 55 5
1 83 5
1 68 5
1 55 5
1 55 5
1 69 5
1 55 6
1 55 6
1 55 6
1 37 6
1 83 6
1 55 7
1 36 7
1 9 7
1 83 7
1 8 7
1 55 7