5
5
8
1
12
12
100
1 55 1
1 69 2
1 87 2
1 55 2
1 69 2
1 69 2
1 9 2
1 37 2
1 55 2
1 69 2
1 69 2
1 55 2
1 9 2
1 55 2
1 55 2
1 55 2
1 67 2
1 55 2
1 69 2
1 8 2
1 8 2
1 9 2
1 9 2
1 69 2
1 69 2
1 9 2
1 55 2
1 69 2
1 69 2
1 55 2
1 9 2
1 37 2
1 9 2
1 37 2
1 9 2
1 9 2
1 8 2
1 9 2
1 9 2
1 55 2
1 9 2
1 9 2
1 37 2
1 69 2
1 69 2
1 37 2
1 9 2
1 55 2
1 9 2
1 9 2
1 37 2
1 55 2
1 9 2
1 9 2
1 83 2
1 55 2
1 55 3
1 9 3
1 55 3
1 55 3
1 55 3
1 55 3
1 55 3
1 55 3
1 55 3
1 55 3
1 9 3
1 55 3
1 55 3
1 83 3
1 55 3
1 55 3
1 55 3
1 55 3
1 97 3
1 55 3
1 83 3
1 55 3
1 55 3
1 55 3
1 55 3
1 55 3
1 83 3
1 69 3
1 69 3
1 8 3
1 9 3
1 53 3
1 9 3
1 9 3
1 9 3
1 9 3
1 37 3
1 9 3
1 9 3
1 9 3
1 9 3
1 9 4
1 8 4
1 9 4
1 54 4