1 55 1	
1 69 2	
1 87 2	
1 55 2	
1 69 2	
1 69 2	
1 9 2	
1 37 2	
1 55 2	
1 69 2	
1 69 2	
1 55 2	
1 9 2	
1 55 2	
1 55 2	
1 55 2	
1 67 2	
1 55 2	
1 69 2	
1 8 2	
1 8 2	
1 9 2	
1 9 2	
1 69 2	
1 69 2	
1 9 2	
1 55 2	
1 69 2	
1 69 2	
1 55 2	
1 9 2	
1 37 2	
1 9 2	
1 37 2	
1 9 2	
1 9 2	
1 8 2	
1 9 2	
1 9 2	
1 55 2	
1 9 2	
1 9 2	
1 37 2	
1 69 2	
1 69 2	
1 37 2	
1 9 2	
1 55 2	
1 9 2	
1 9 2	
1 37 2	
1 55 2	
1 9 2	
1 9 2	
1 83 2	
1 55 2	
1 55 8	
1 9 8	
1 55 8	
1 55 8	
1 55 8	
1 55 8	
1 55 8	
1 55 8	
1 55 8	
1 55 8	
1 9 8	
1 55 8	
1 55 8	
1 83 8	
1 55 8	
1 55 8	
1 55 8	
1 55 8	
1 97 8	
1 55 8	
1 83 8	
1 55 8	
1 55 8	
1 55 8	
1 55 8	
1 55 8	
1 83 8	
1 69 8	
1 69 8	
1 8 13	
1 9 13	
1 53 13	
1 9 13	
1 9 13	
1 9 13	
1 9 13	
1 37 13	
1 9 13	
1 9 13	
1 9 13	
1 9 13	
1 9 13	
1 8 13	
1 9 13	
1 54 13	
1 55 14	
1 55 14	
1 55 14	
1 83 14	
1 68 14	
1 55 14	
1 55 14	
1 69 14	
1 55 14	
1 55 14	
1 55 14	
1 37 14	
1 83 14	
1 55 14	
1 36 14	
1 9 14	
1 83 14	
1 8 14	
1 55 14	
1 9 14	
1 9 14	
1 55 14	
1 9 14	
1 55 14	
1 55 14	
1 55 14	
1 55 14	
1 55 14	
1 9 14	
1 68 14	
1 55 14	
1 55 14	
1 9 14	
1 68 14	
1 8 14	
1 9 14	
1 37 14	
1 9 14	
1 9 14	
1 55 14	
1 55 14	
1 55 14	
1 9 14	
1 55 14	
1 55 14	
1 9 14	
1 83 14	
1 9 14	
1 55 14	
1 9 14	
1 55 14	
1 9 14	
1 7 14	
1 69 14	
1 55 14	
1 55 14	
1 9 14	
1 69 14	
1 83 14	
1 83 14	
1 55 14	
1 55 14	
1 9 14	
1 54 14	
1 54 14	
1 55 14	
1 69 14	
1 55 14	
1 55 14	
1 55 14	
1 55 14	
1 55 14	
1 55 14	
1 69 15	
1 55 15	
1 55 15	
1 55 15	
1 55 15	
1 55 15	
1 55 15	
1 59 15	
1 55 15	
1 55 15	
1 55 15	
1 55 15	
1 55 15	
1 55 15	
1 68 15	
1 8 17	
1 8 17	
1 53 17	
1 9 17	
1 53 17	
1 55 17	
1 55 18	
1 55 18	
1 55 18	
1 8 18	
1 53 18	
1 53 18	
1 83 18	
1 8 18	
1 55 18	
1 55 18	
1 54 18	
1 55 18	
1 55 18	
1 55 18	
1 55 18	
1 55 18	
1 55 18	
1 53 18	
1 55 18	
1 55 18	
1 55 18	
1 55 18	
1 55 18	
1 9 18	
1 8 18	
1 55 18	
1 9 18	
1 54 18	
1 9 18	
1 55 18	
1 83 18	
1 55 18	
1 55 18	
1 54 18	
1 55 18	
1 53 18	
1 82 18	
1 55 18	
1 55 18	
1 54 18	
1 53 18	
1 8 18	
1 9 18	
1 54 18	
1 55 18	
1 55 18	
1 55 18	
1 55 18	
1 54 18	
1 55 18	
1 53 18	
1 55 18	
1 55 18	
1 55 18	
1 55 18	
1 52 18	
1 55 18	
1 9 18	
1 55 18	
1 82 18	
1 55 18	
1 53 18	
1 53 18	
1 55 18	
1 54 18	
1 55 18	
1 55 18	
1 55 18	
1 8 18	
1 55 18	
1 55 18	
1 59 18	
1 55 18	
1 55 18	
1 55 18	
1 55 18	
1 53 18	
1 55 18	
1 55 20	
1 55 20	
1 55 20	
1 55 20	
1 69 20	
1 55 20	
1 55 20	
1 69 20	
1 69 20	
1 83 20	
1 83 20	
1 55 20	
1 87 20	
1 55 20	
1 55 20	
1 83 20	
1 55 20	
1 69 20	
1 55 20	
1 55 20	
1 55 20	
1 54 20	
1 55 20	
1 55 20	
1 55 20	
1 67 20	
1 55 20	
1 55 20	
1 69 20	
1 55 20	
1 55 20	
1 55 20	
1 55 20	
1 55 20	
1 55 20	
1 55 20	
1 55 20	
1 55 20	
1 69 20	
1 55 20	
1 55 20	
1 55 20	
1 55 20	
1 55 20	
1 55 20	
1 69 20	
1 55 20	
1 55 20	
1 69 20	
1 55 20	
1 55 20	
1 68 20	
1 55 20	
1 55 20	
1 69 20	
1 55 20	
1 55 20	
1 83 20	
1 55 20	
1 55 20	
1 69 20	
1 69 20	
1 83 22	
1 55 22	
1 55 22	
1 55 22	
1 55 22	
1 83 22	
1 55 22	
1 55 22	
1 83 22	
1 55 22	
1 55 22	
1 55 22	
1 55 22	
1 55 22	
1 83 22	
1 55 22	
1 55 22	
1 55 22	
1 55 22	
1 83 22	
1 55 22	
1 55 22	
1 55 22	
1 54 22	
1 55 22	
1 55 22	
1 55 22	
1 55 22	
1 55 22	
1 55 22	
1 55 22	
1 55 22	
1 55 22	
1 83 22	
1 55 22	
1 55 22	
1 55 22	
1 55 22	
1 83 22	
1 55 22	
1 55 26	
1 59 26	
1 55 26	
1 55 26	
1 55 26	
1 69 27	
1 83 27	
1 69 27	
1 68 29	
1 55 29	
1 55 29	
1 55 29	
1 82 29	
1 83 29	
1 55 29	
1 55 29	
1 83 29	
1 55 29	
1 55 29	
1 55 29	
1 55 29	
1 55 29	
1 55 29	
1 55 29	
1 55 29	
1 69 29	
1 55 29	
1 55 29	
1 55 29	
1 68 29	
1 69 29	
1 55 29	
1 55 29	
1 55 29	
1 55 29	
1 55 29	
1 55 29	
1 83 29	
1 55 29	
1 54 29	
1 68 29	
1 69 29	
1 83 29	
1 83 29	
1 55 29	
1 55 29	
1 54 29	
1 83 29	
1 9 29	
1 37 29	
1 68 29	
1 69 29	
1 83 29	
1 55 29	
1 55 29	
1 55 29	
1 55 29	
1 55 29	
1 55 29	
1 68 29	
1 55 29	
1 55 29	
1 55 29	
1 55 29	
1 55 29	
1 55 29	
1 69 29	
1 55 29	
1 55 29	
1 54 29	
1 55 29	
1 69 29	
1 83 29	
1 54 29	
1 83 29	
1 55 29	
1 55 29	
1 55 29	
1 83 29	
1 55 29	
1 55 29	
1 37 29	
1 55 29	
1 55 29	
1 82 29	
1 55 29	
1 82 29	
1 55 29	
1 55 29	
1 69 29	
1 55 29	
1 55 29	
1 55 29	
1 55 29	
1 55 29	
1 55 29	
1 55 29	
1 55 29	
1 55 29	
1 69 29	
1 55 35	
1 9 35	
1 55 35	
1 54 35	
1 55 35	
1 8 35	
1 55 35	
1 9 35	
1 9 35	
1 55 35	
1 55 35	
1 83 35	
1 9 35	
1 9 35	
1 54 35	
1 9 35	
1 37 35	
1 9 35	
1 8 35	
1 69 35	
1 55 35	
1 55 35	
1 55 35	
1 8 35	
1 9 35	
1 54 35	
1 55 35	
1 9 35	
1 55 35	
1 37 35	
1 55 35	
1 97 35	
1 55 35	
1 9 35	
1 8 35	
1 55 35	
1 9 35	
1 9 35	
1 9 35	
1 55 35	
1 55 35	
1 9 35	
1 55 35	
1 55 35	
1 55 35	
1 55 35	
1 54 35	
1 54 35	
1 55 35	
1 55 35	
1 55 35	
1 9 35	
1 55 35	
1 55 35	
1 55 35	
1 55 35	
1 9 35	
1 8 35	
1 55 35	
1 9 35	
1 9 35	
1 9 35	
1 54 35	
1 55 35	
1 9 35	
1 55 35	
1 55 35	
1 9 35	
1 55 35	
1 55 35	
1 54 35	
1 8 35	
1 55 35	
1 9 35	
1 55 35	
1 55 35	
1 55 35	
1 55 35	
1 83 35	
1 55 35	
1 37 35	
1 55 35	
1 55 35	
1 55 35	
1 55 35	
1 55 35	
1 8 35	
1 9 35	
1 9 35	
1 54 35	
1 9 35	
1 8 35	
1 54 35	
1 55 35	
1 36 35	
1 54 35	
1 54 35	
1 55 35	
1 9 35	
1 83 35	
1 54 35	
1 8 35	
1 83 35	
1 54 35	
1 9 35	
1 9 35	
1 55 35	
1 55 35	
1 82 35	
1 9 35	
1 55 35	
1 9 35	
1 54 35	
1 9 35	
1 82 35	
1 55 35	
1 55 35	
1 55 35	
1 9 35	
1 83 35	
1 8 35	
1 8 35	
1 9 35	
1 55 35	
1 55 35	
1 55 35	
1 9 35	
1 9 35	
1 9 35	
1 55 35	
1 55 35	
1 83 35	
1 83 35	
1 55 35	
1 55 35	
1 8 35	
1 9 35	
1 55 35	
1 8 35	
1 55 35	
1 55 35	
1 9 35	
1 35 35	
1 55 35	
1 55 35	
1 83 35	
1 69 35	
1 55 35	
1 55 35	
1 55 35	
1 55 35	
1 55 35	
1 55 35	
1 69 35	
1 55 35	
1 54 35	
1 9 35	
1 9 35	
1 9 35	
1 55 35	
1 54 35	
1 55 35	
1 55 35	
1 54 35	
1 55 35	
1 69 35	
1 55 35	
1 55 35	
1 97 35	
1 55 35	
1 69 35	
1 54 35	
1 54 35	
1 55 35	
1 55 35	
1 54 35	
1 55 35	
1 55 35	
1 97 35	
1 68 35	
1 54 35	
1 55 36	
1 54 36	
1 55 36	
1 55 36	
1 55 36	
1 54 36	
1 55 38	
1 55 38	
1 55 38	
1 55 38	
1 54 38	
1 55 38	
1 83 38	
1 83 38	
1 55 38	
1 55 38	
1 55 38	
1 82 38	
1 83 38	
1 55 38	
1 55 38	
1 83 38	
1 55 38	
1 55 38	
1 55 38	
1 83 38	
1 55 38	
1 82 40	
1 55 40	
1 55 40	
1 55 40	
1 55 40	
1 55 40	
1 83 40	
1 55 40	
1 55 40	
1 55 40	
1 69 40	
1 83 40	
1 55 40	
1 55 40	
1 55 40	
1 55 40	
1 83 40	
1 37 40	
1 97 40	
1 83 40	
1 83 40	
1 83 40	
1 55 40	
1 55 40	
1 54 40	
1 69 42	
1 69 42	
1 55 43	
1 55 43	
1 55 44	
1 55 44	
1 36 44	
1 9 44	
1 9 44	
1 9 44	
1 9 44	
1 55 44	
1 9 44	
1 8 44	
1 69 44	
1 9 44	
1 9 44	
1 9 44	
1 9 44	
1 9 44	
1 9 44	
1 66 44	
1 8 44	
1 69 44	
1 9 44	
1 9 44	
1 69 44	
1 9 44	
1 9 44	
1 9 44	
1 69 44	
1 55 44	
1 69 44	
1 9 44	
1 8 44	
1 58 44	
1 69 44	
1 73 44	
1 8 44	
1 97 44	
1 9 44	
1 9 44	
1 9 44	
1 9 44	
1 9 44	
1 55 44	
1 69 44	
1 8 44	
1 9 44	
1 9 44	
1 8 44	
1 55 44	
1 9 44	
1 55 44	
1 54 44	
1 58 44	
1 58 44	
1 67 44	
1 55 44	
1 55 44	
1 9 44	
1 69 44	
1 9 44	
1 55 44	
1 55 44	
1 55 44	
1 55 44	
1 83 44	
1 55 44	
1 55 44	
1 55 44	
1 55 44	
1 55 44	
1 55 44	
1 9 47	
1 9 47	
1 8 47	
1 9 47	
1 9 47	
1 9 47	
1 9 47	
1 9 47	
1 83 47	
1 83 47	
1 69 47	
1 54 49	
1 9 49	
1 55 49	
1 54 49	
1 55 49	
1 83 49	
1 54 49	
1 54 49	
1 82 49	
1 55 49	
1 83 49	
1 83 49	
1 55 49	
1 55 49	
1 54 49	
1 55 49	
1 55 49	
1 55 49	
1 69 49	
1 83 49	
1 54 49	
1 69 49	
1 54 49	
1 55 50	
1 55 50	
1 7 50	
1 54 50	
1 54 50	
1 54 50	
1 55 50	
1 55 50	
1 55 50	
1 55 50	
1 55 50	
1 54 50	
1 55 50	
1 54 50	
1 55 50	
1 55 50	
1 53 50	
1 55 50	
1 55 50	
1 9 50	
1 55 50	
1 55 50	
1 9 50	
1 69 50	
1 54 50	
1 55 50	
1 83 50	
1 55 50	
1 55 50	
1 55 50	
1 55 50	
1 55 50	
1 55 50	
1 54 50	
1 55 50	
1 55 50	
1 83 50	
1 54 50	
1 83 50	
1 8 50	
1 55 50	
1 55 50	
1 54 50	
1 55 50	
1 55 50	
1 54 50	
1 67 50	
1 83 50	
1 59 50	
1 9 50	
1 68 50	
1 59 50	
1 55 50	
1 55 50	
1 55 50	
1 68 50	
1 55 50	
1 55 50	
1 55 50	
1 55 50	
1 69 50	
1 55 50	
1 55 50	
1 69 50	
1 54 50	
1 55 50	
1 83 50	
1 55 50	
1 68 50	
1 68 50	
1 55 50	
1 55 50	
1 55 50	
1 54 50	
1 55 50	
1 55 50	
1 83 50	
1 55 50	
1 54 50	
1 68 50	
1 9 50	
1 69 50	
1 9 50	
1 68 50	
1 37 50	
1 9 50	
1 9 50	
1 9 50	
1 9 50	
1 69 50	
1 37 50	
1 9 50	
1 9 50	
1 9 50	
1 69 50	
1 9 50	
1 9 50	
1 69 50	
1 9 50	
1 66 50	
1 9 50	
1 9 50	
1 9 50	
1 37 50	
1 55 50	
1 7 50	
1 9 50	
1 9 50	
1 54 50	
1 9 50	
1 9 50	
1 69 50	
1 37 50	
1 9 50	
1 9 50	
1 37 50	
1 9 50	
1 9 50	
1 8 50	
1 54 50	
1 9 50	
1 9 50	
1 97 50	
1 37 50	
1 54 50	
1 9 50	
1 9 50	
1 9 50	
1 9 50	
1 9 50	
1 9 50	
1 8 50	
1 37 50	
1 9 50	
1 69 50	
1 9 50	
1 9 50	
1 37 50	
1 37 50	
1 9 50	
1 9 50	
1 9 50	
1 9 50	
1 9 50	
1 9 50	
1 9 50	
1 9 50	
1 9 50	
1 9 50	
1 36 50	
1 9 50	
1 9 50	
1 9 50	
1 37 50	
1 37 50	
1 9 50	
1 9 50	
1 9 50	
1 9 50	
1 54 50	
1 9 50	
1 9 50	
1 37 50	
1 9 50	
1 9 50	
1 8 50	
1 9 50	
1 37 50	
1 9 50	
1 37 50	
1 8 50	
1 9 50	
1 9 50	
1 37 50	
1 9 50	
1 9 50	
1 55 50	
1 83 50	
1 55 50
1 9 50	
1 55 59	
1 9 48	
1 69 48	
1 55 50