1	
2	
2	
2	
2	
2	
2	
2	
2	
2	
2	
2	
2	
2	
2	
2	
2	
2	
2	
2	
2	
2	
2	
2	
2	
2	
2	
2	
2	
2	
2	
2	
2	
2	
2	
2	
2	
2	
2	
2	
2	
2	
2	
2	
2	
2	
2	
2	
2	
2	
2	
2	
2	
2	
2	
2	
8	
8	
8	
8	
8	
8	
8	
8	
8	
8	
8	
8	
8	
8	
8	
8	
8	
8	
8	
8	
8	
8	
8	
8	
8	
8	
8	
8	
8	
13	
13	
13	
13	
13	
13	
13	
13	
13	
13	
13	
13	
13	
13	
13	
13	
14	
14	
14	
14	
14	
14	
14	
14	
14	
14	
14	
14	
14	
14	
14	
14	
14	
14	
14	
14	
14	
14	
14	
14	
14	
14	
14	
14	
14	
14	
14	
14	
14	
14	
14	
14	
14	
14	
14	
14	
14	
14	
14	
14	
14	
14	
14	
14	
14	
14	
14	
14	
14	
14	
14	
14	
14	
14	
14	
14	
14	
14	
14	
14	
14	
14	
14	
14	
14	
14	
14	
14	
14	
15	
15	
15	
15	
15	
15	
15	
15	
15	
15	
15	
15	
15	
15	
15	
17	
17	
17	
17	
17	
17	
18	
18	
18	
18	
18	
18	
18	
18	
18	
18	
18	
18	
18	
18	
18	
18	
18	
18	
18	
18	
18	
18	
18	
18	
18	
18	
18	
18	
18	
18	
18	
18	
18	
18	
18	
18	
18	
18	
18	
18	
18	
18	
18	
18	
18	
18	
18	
18	
18	
18	
18	
18	
18	
18	
18	
18	
18	
18	
18	
18	
18	
18	
18	
18	
18	
18	
18	
18	
18	
18	
18	
18	
18	
18	
18	
18	
18	
18	
20	
20	
20	
20	
20	
20	
20	
20	
20	
20	
20	
20	
20	
20	
20	
20	
20	
20	
20	
20	
20	
20	
20	
20	
20	
20	
20	
20	
20	
20	
20	
20	
20	
20	
20	
20	
20	
20	
20	
20	
20	
20	
20	
20	
20	
20	
20	
20	
20	
20	
20	
20	
20	
20	
20	
20	
20	
20	
20	
20	
20	
20	
22	
22	
22	
22	
22	
22	
22	
22	
22	
22	
22	
22	
22	
22	
22	
22	
22	
22	
22	
22	
22	
22	
22	
22	
22	
22	
22	
22	
22	
22	
22	
22	
22	
22	
22	
22	
22	
22	
22	
22	
26	
26	
26	
26	
26	
27	
27	
27	
29	
29	
29	
29	
29	
29	
29	
29	
29	
29	
29	
29	
29	
29	
29	
29	
29	
29	
29	
29	
29	
29	
29	
29	
29	
29	
29	
29	
29	
29	
29	
29	
29	
29	
29	
29	
29	
29	
29	
29	
29	
29	
29	
29	
29	
29	
29	
29	
29	
29	
29	
29	
29	
29	
29	
29	
29	
29	
29	
29	
29	
29	
29	
29	
29	
29	
29	
29	
29	
29	
29	
29	
29	
29	
29	
29	
29	
29	
29	
29	
29	
29	
29	
29	
29	
29	
29	
29	
29	
29	
29	
29	
35	
35	
35	
35	
35	
35	
35	
35	
35	
35	
35	
35	
35	
35	
35	
35	
35	
35	
35	
35	
35	
35	
35	
35	
35	
35	
35	
35	
35	
35	
35	
35	
35	
35	
35	
35	
35	
35	
35	
35	
35	
35	
35	
35	
35	
35	
35	
35	
35	
35	
35	
35	
35	
35	
35	
35	
35	
35	
35	
35	
35	
35	
35	
35	
35	
35	
35	
35	
35	
35	
35	
35	
35	
35	
35	
35	
35	
35	
35	
35	
35	
35	
35	
35	
35	
35	
35	
35	
35	
35	
35	
35	
35	
35	
35	
35	
35	
35	
35	
35	
35	
35	
35	
35	
35	
35	
35	
35	
35	
35	
35	
35	
35	
35	
35	
35	
35	
35	
35	
35	
35	
35	
35	
35	
35	
35	
35	
35	
35	
35	
35	
35	
35	
35	
35	
35	
35	
35	
35	
35	
35	
35	
35	
35	
35	
35	
35	
35	
35	
35	
35	
35	
35	
35	
35	
35	
35	
35	
35	
35	
35	
35	
35	
35	
35	
35	
35	
35	
35	
35	
35	
35	
35	
35	
35	
35	
35	
35	
35	
35	
35	
36	
36	
36	
36	
36	
36	
38	
38	
38	
38	
38	
38	
38	
38	
38	
38	
38	
38	
38	
38	
38	
38	
38	
38	
38	
38	
38	
40	
40	
40	
40	
40	
40	
40	
40	
40	
40	
40	
40	
40	
40	
40	
40	
40	
40	
40	
40	
40	
40	
40	
40	
40	
42	
42	
43	
43	
44	
44	
44	
44	
44	
44	
44	
44	
44	
44	
44	
44	
44	
44	
44	
44	
44	
44	
44	
44	
44	
44	
44	
44	
44	
44	
44	
44	
44	
44	
44	
44	
44	
44	
44	
44	
44	
44	
44	
44	
44	
44	
44	
44	
44	
44	
44	
44	
44	
44	
44	
44	
44	
44	
44	
44	
44	
44	
44	
44	
44	
44	
44	
44	
44	
44	
44	
44	
44	
44	
47	
47	
47	
47	
47	
47	
47	
47	
47	
47	
47	
49	
49	
49	
49	
49	
49	
49	
49	
49	
49	
49	
49	
49	
49	
49	
49	
49	
49	
49	
49	
49	
49	
49	
50	
50	
50	
50	
50	
50	
50	
50	
50	
50	
50	
50	
50	
50	
50	
50	
50	
50	
50	
50	
50	
50	
50	
50	
50	
50	
50	
50	
50	
50	
50	
50	
50	
50	
50	
50	
50	
50	
50	
50	
50	
50	
50	
50	
50	
50	
50	
50	
50	
50	
50	
50	
50	
50	
50	
50	
50	
50	
50	
50	
50	
50	
50	
50	
50	
50	
50	
50	
50	
50	
50	
50	
50	
50	
50	
50	
50	
50	
50	
50	
50	
50	
50	
50	
50	
50	
50	
50	
50	
50	
50	
50	
50	
50	
50	
50	
50	
50	
50	
50	
50	
50	
50	
50	
50	
50	
50	
50	
50	
50	
50	
50	
50	
50	
50	
50	
50	
50	
50	
50	
50	
50	
50	
50	
50	
50	
50	
50	
50	
50	
50	
50	
50	
50	
50	
50	
50	
50	
50	
50	
50	
50	
50	
50	
50	
50	
50	
50	
50	
50	
50	
50	
50	
50	
50	
50	
50	
50	
50	
50	
50	
50	
50	
50	
50	
50	
50	
50	
50	
50	
50	
50	
50	
50	
50	
50	
50	
50	
50
50	
59	
48	
48	
50